# RussianDoll Interpolation Data - Frame 27
# =================================================
# Z range: [0, 1]
# Polynomial order: 5
# Leakage coefficient (gamma): 1
#
# Pressure polynomial coefficients p_v(t) = sum_i c_i * t^i
# where t = (z - z_min) / (z_max - z_min)
[pressure_coefficients]
c0 = 0.0111893972043
c1 = -0.00204714356653
c2 = 0.0080299075909
c3 = 0.0202762628568
c4 = -0.0748566937707
c5 = 0.0492742639271

[displacement_x_coefficients]
c0 = 0.0173760803084
c1 = 0.0056093653875
c2 = -0.0328673330089
c3 = 0.043036724316
c4 = 0.000403480527486
c5 = -0.0154118130883

[displacement_y_coefficients]
c0 = -0.00393748809445
c1 = -0.0100854349184
c2 = 0.0352325005397
c3 = -0.0435128561103
c4 = 0.00098991663333
c5 = 0.0194225652235

[displacement_z_coefficients]
c0 = 0.00310817336794
c1 = -0.0120852830387
c2 = 0.00367259804562
c3 = 0.0157167880804
c4 = -0.0245711145856
c5 = 0.00661941510553

# Polynomial values at sampled z:
# z	t	p_v(z)	u_x(z)	u_y(z)	u_z(z)
[sampled_values]
0	0	0.0111893972043	0.0173760803084	-0.00393748809445	0.00310817336794
0.02	0.02	0.0111518166867	0.017475464992	-0.00412545167492	0.00286805857049
0.04	0.04	0.0111214704071	0.0175506209962	-0.00428731379006	0.00263158185347
0.06	0.06	0.0110989241033	0.0176036090102	-0.00442514803223	0.00239935927042
0.08	0.08	0.0110844939059	0.0176364794361	-0.00454100927595	0.00217191760548
0.1	0.1	0.0110782652597	0.0176512664713	-0.00463692621969	0.0019496969153
0.12	0.12	0.0110801118452	0.0176499821897	-0.00471489392756	0.00173305307086
0.14	0.14	0.0110897144997	0.017634610624	-0.00477686637107	0.00152226029936
0.16	0.16	0.0111065801389	0.0176071018475	-0.00482474897087	0.00131751372602
0.18	0.18	0.0111300606776	0.0175693660557	-0.00486039113846	0.00111893191598
0.2	0.2	0.0111593719519	0.0175232676487	-0.00488557881794	0.00092655941616
0.22	0.22	0.0111936126397	0.0174706193126	-0.00490202702777	0.000740369297076
0.24	0.24	0.0112317831826	0.0174131761013	-0.00491137240245	0.000560265694728
0.26	0.26	0.0112728047069	0.0173526295189	-0.00491516573429	0.000386086352445
0.28	0.28	0.0113155379449	0.017290601601	-0.00491486451515	0.000217605162739
0.3	0.3	0.0113588021564	0.0172286389969	-0.00491182547816	5.45347091624e-05
0.32	0.32	0.0114013940502	0.0171682070512	-0.00490729713946	-0.000103471191835
0.34	0.34	0.0114421067046	0.0171106838862	-0.00490241233993	-0.000256814949054
0.36	0.36	0.0114797484898	0.0170573544829	-0.00489818078694	-0.000405952654689
0.38	0.38	0.0115131619884	0.0170094047637	-0.00489548159606	-0.000551391542471
0.4	0.4	0.0115412429171	0.0169679156737	-0.00489505583282	-0.000693687445816
0.42	0.42	0.011562959048	0.016933857263	-0.00489749905444	-0.000833442255966
0.44	0.44	0.0115773691296	0.0169080827681	-0.00490325385153	-0.000971301380135
0.46	0.46	0.0115836418086	0.0168913226942	-0.00491260238988	-0.00110795119966
0.48	0.48	0.0115810745509	0.0168841788967	-0.00492565895218	-0.00124411652812
0.5	0.5	0.0115691125629	0.0168871186634	-0.00494236247971	-0.00138055806952
0.52	0.52	0.0115473677131	0.0169004687961	-0.00496246911413	-0.00151806987641
0.54	0.54	0.0115156374531	0.0169244096925	-0.00498554473919	-0.00165747680804
0.56	0.56	0.0114739237392	0.0169589694283	-0.00501095752247	-0.00179963198847
0.58	0.58	0.0114224519532	0.0170040178387	-0.00503787045712	-0.0019454142648
0.6	0.6	0.0113616898245	0.0170592606006	-0.00506523390358	-0.00209572566519
0.62	0.62	0.0112923663507	0.0171242333142	-0.00509177813132	-0.00225148885714
0.64	0.64	0.0112154907194	0.017198295585	-0.00511600586058	-0.00241364460552
0.66	0.66	0.0111323712294	0.0172806251058	-0.00513618480412	-0.00258314923079
0.68	0.68	0.0110446342116	0.0173702117381	-0.00515034020893	-0.0027609720671
0.7	0.7	0.010954242951	0.0174658515946	-0.00515624739795	-0.00294809292045
0.72	0.72	0.0108635166076	0.0175661411205	-0.00515142431187	-0.00314549952687
0.74	0.74	0.0107751491378	0.0176694711757	-0.00513312405079	-0.00335418501049
0.76	0.76	0.0106922282156	0.0177740211165	-0.00509832741601	-0.00357514534174
0.78	0.78	0.0106182541542	0.0178777528776	-0.00504373545173	-0.00380937679548
0.8	0.8	0.0105571588271	0.0179784050538	-0.00496576198681	-0.00405787340916
0.82	0.82	0.0105133245894	0.0180734869821	-0.00486052617647	-0.00432162444093
0.84	0.84	0.0104916031994	0.0181602728232	-0.00472384504408	-0.00460161182781
0.86	0.86	0.0104973347394	0.0182357956438	-0.00455122602284	-0.00489880764383
0.88	0.88	0.0105363665376	0.0182968414981	-0.00433785949755	-0.00521417155816
0.9	0.9	0.010615072089	0.0183399435099	-0.00407861134633	-0.0055486482933
0.92	0.92	0.0107403699769	0.0183613759542	-0.00376801548235	-0.00590316508316
0.94	0.94	0.0109197427941	0.0183571483395	-0.00340026639559	-0.00627862913125
0.96	0.96	0.0111612560644	0.0183229994892	-0.00296921169455	-0.00667592506881
0.98	0.98	0.0114735771639	0.0182543916237	-0.00246834464797	-0.00709591241296
1	1	0.0118659942419	0.0181465044422	-0.00189079672664	-0.00753942302483
