# RussianDoll Interpolation Data - Frame 17
# =================================================
# Z range: [0, 1]
# Polynomial order: 5
# Leakage coefficient (gamma): 1
#
# Pressure polynomial coefficients p_v(t) = sum_i c_i * t^i
# where t = (z - z_min) / (z_max - z_min)
[pressure_coefficients]
c0 = 0.0111675725785
c1 = -0.00200977490873
c2 = 0.0078208041973
c3 = 0.0187710033647
c4 = -0.0713002864225
c5 = 0.0473905573765

[displacement_x_coefficients]
c0 = 0.0171251104737
c1 = 0.00783512218518
c2 = -0.0426696793991
c3 = 0.0629745546299
c4 = -0.0243378090584
c5 = -0.00107255810605

[displacement_y_coefficients]
c0 = -0.00428505101812
c1 = -0.00704275888014
c2 = 0.0224827875078
c3 = -0.0189459383274
c4 = -0.0292922459087
c5 = 0.0375889079713

[displacement_z_coefficients]
c0 = 0.00233671793392
c1 = -0.0122693490739
c2 = 0.00436289088299
c3 = -0.00581149864718
c4 = 0.00998901307583
c5 = -0.0111490273125

# Polynomial values at sampled z:
# z	t	p_v(z)	u_x(z)	u_y(z)	u_z(z)
[sampled_values]
0	0	0.0111675725785	0.0171251104737	-0.00428505101812	0.00233671793392
0.02	0.02	0.0111306443136	0.0172652449446	-0.0044170692147	0.00209303117937
0.04	0.04	0.0111007185371	0.017374211831	-0.00453207259241	0.00185257709067
0.06	0.06	0.011078308315	0.0174548932108	-0.00463112123695	0.00161512890108
0.08	0.08	0.011063689316	0.0175100768812	-0.00471535884796	0.00138048963919
0.1	0.1	0.0110569180099	0.0175424559464	-0.00478599830489	0.00114848784774
0.12	0.12	0.011057849865	0.0175546284063	-0.00484430723285	0.000918973302378
0.14	0.14	0.0110661575466	0.0175490967439	-0.00489159356846	0.000691812730407
0.16	0.16	0.0110813491147	0.0175282675141	-0.00492919112573	0.000466885529603
0.18	0.18	0.0111027862219	0.0174944509316	-0.00495844516191	0.000244079486957
0.2	0.2	0.0111297023116	0.0174498604588	-0.00498069794336	2.32864974621e-05
0.22	0.22	0.0111612208159	0.0173966123943	-0.00499727431136	-0.000195601717119
0.24	0.24	0.0111963733533	0.0173367254609	-0.00500946724805	-0.000412697889479
0.26	0.26	0.0112341179273	0.0172721203937	-0.00501852344223	-0.000628123487988
0.28	0.28	0.0112733571237	0.0172046195283	-0.00502562885523	-0.000842012997927
0.3	0.3	0.0113129563089	0.0171359463888	-0.00503189428679	-0.00105451820271
0.32	0.32	0.0113517618279	0.0170677252761	-0.00503834094089	-0.00126581246511
0.34	0.34	0.0113886192022	0.017001480856	-0.00504588599163	-0.0014760950085
0.36	0.36	0.0114223913278	0.0169386377474	-0.0050553281491	-0.00168559519804
0.38	0.38	0.0114519766731	0.0168805201101	-0.00506733322519	-0.00189457682195
0.4	0.4	0.011476327477	0.0168283512334	-0.00508241969951	-0.00210334237272
0.42	0.42	0.0114944679468	0.0167832531239	-0.00510094428522	-0.00231223732832
0.44	0.44	0.011505512456	0.0167462460941	-0.00512308749487	-0.00252165443344
0.46	0.46	0.0115086837428	0.0167182483496	-0.0051488392063	-0.00273203798073
0.48	0.48	0.0115033311075	0.0167000755785	-0.00517798422848	-0.002943888092
0.5	0.5	0.0114889486106	0.0166924405383	-0.00521008786735	-0.00315776499945
0.52	0.52	0.0114651932712	0.0166959526451	-0.00524448149172	-0.00337429332694
0.54	0.54	0.0114319032644	0.0167111175609	-0.0052802480991	-0.00359416637115
0.56	0.56	0.0113891161195	0.0167383367824	-0.00531620788156	-0.00381815038285
0.58	0.58	0.0113370869182	0.0167779072285	-0.00535090379161	-0.0040470888481
0.6	0.6	0.0112763064923	0.0168300208289	-0.00538258710803	-0.00428190676952
0.62	0.62	0.0112075196216	0.0168947641123	-0.00540920300176	-0.00452361494748
0.64	0.64	0.0111317432322	0.0169721177942	-0.00542837610173	-0.0047733142613
0.66	0.66	0.0110502845942	0.017061956365	-0.00543739606076	-0.00503219995056
0.68	0.68	0.0109647595199	0.0171640476786	-0.00543320312135	-0.00530156589625
0.7	0.7	0.0108771105614	0.01727805254	-0.00541237368163	-0.00558280890203
0.72	0.72	0.010789625209	0.0174035242941	-0.00537110586114	-0.00587743297545
0.74	0.74	0.010704954089	0.0175399084129	-0.00530520506672	-0.00618705360917
0.76	0.76	0.0106261291615	0.0176865420846	-0.0052100695584	-0.0065134020622
0.78	0.78	0.0105565819189	0.0178426538011	-0.0050806760152	-0.00685832964114
0.8	0.8	0.010500161583	0.0180073629464	-0.00491156510103	-0.00722381198134
0.82	0.82	0.0104611533039	0.0181796793847	-0.00469682703054	-0.00761195332821
0.84	0.84	0.0104442963573	0.0183585030484	-0.00443008713498	-0.0080249908184
0.86	0.86	0.010454802343	0.0185426235266	-0.00410449142804	-0.00846529876104
0.88	0.88	0.0104983733824	0.0187307196527	-0.00371269217176	-0.00893539291894
0.9	0.9	0.0105812203167	0.018921359093	-0.00324683344232	-0.00943793478986
0.92	0.92	0.010710080905	0.0191129979348	-0.00269853669596	-0.00997573588772
0.94	0.94	0.010892238022	0.0193039802741	-0.0020588863348	-0.0105517620238
0.96	0.96	0.0111355378561	0.0194925378043	-0.00131841527272	-0.011169137588
0.98	0.98	0.0114484081074	0.019676789404	-0.000467090501215	-0.0118311498301
1	1	0.0118398761857	0.0198547407252	0.000505701344749	-0.0125412531408
